2202000222033333222000333322222233333333303333333333340111100010110000202233333322333333333222222222111222223330000202277222222200022020000011040400444444440002022022223333322222202111113330333330022333300000004444440002333333333222223333222111122223333330
2222000022222333222200322222222333333333330303333330000000100001110000022222332333333333332222222211111133333030000422377722222200002200000011444444444444440000022022330332322222022001113033033223222330000000044444440033033333331002222223322211122222030033
2200002002222333322022222222233333333333333333330303300300000000100000202222222333333333332222220101111033333303004444377222200000000004040100044444444444401100222022333022222333222210110030322223333330000000004044440303223333311112222223332331112202030000
2220020222222223333222222222333333333332320000000033300300000000110000011222222333333333322222222000110333232223334444333332022020000004444000444444444444410110223203330022222333322200110033022233333322000000000000003332223223311111022222333332122200003001
0202222222222222333222222333322222333322222020000033333300000001010000011112223333333333332222223300000302222223344444443332222200030444444400044444444040111122223330030202222233302221000000002233333222200000000000333222222222111110002223333222222210030000
0000222222222222333222222222322222232222222220000033333302000000000000001112223333332333332233233330203333220223344444433333220000003344444400034444440001110122122333032022222233032210103003002232323222000100003000033222222222211011100222333322222201000000
0000002222222223322222222222222222222222222203000033333020000000000000003112222333322233333333333332220030377333334444443333300000300344444401033344444000011111122222333022222003320111000333022222222222010100000330332222322222211000100022333332202001000000
0000022222222222222222222222222222222222222333300033332220033000222003333331121223322223333333333332200333007733044444443333300030333334441111133344444000111111112223333332220200011110003330320222220222011102033033322222322222011100010220333322220201100101
1003202222200222222222222222222111222222233303000330332223333022222200033331111122222223333333333333200000007770344444444433300033033334411111113333444000101110102223333333222000001111133333332200222202111122220033332223332222020101101203033222222001110111
0100022222200022222220222222221111222222233320000333222222332022222220333311111222222223333333333322222001120220034444444433302223333344441111133334444000011110002222300322222000011111111333333000222202211222223333322233322222222010110000333312222000011100
0003322222220202200222222222211111222222223202020022222222330022202200003311122222233333333333333220200001012220333333444444300223333444444413333344440001011111001122110222220001111111221130300010112220222222222332222233332220220011000030333311220000000000
0300333222220200000022222222211111222222222222200002222223030000000030333321222220333333000331333020200111122222033333444444402022233334444313333044400000011101001121200220270071111122221130000011122222222233222232222333332222200011000000333112000000000000
0303333311202000000202223322211111222222222222220022222333330000000003333322222003303330030011122000010011222223303334444444000222233333443333322302000001011100011111000007777700111222222110000111122222222333322222223333330222221010020000331110000000000000
0003233111222000000222230322221122222222222212022022333323330000000300332222222203033333303312222200100122222223333330444444400222233333444333312200200330112210000111033007700711111122222000000011102222222233322212233333332022211110202033331100000000000000
0012211102022030000002333332223222223322222111222222333220000000003033322222222300033330333302222200000222233333333333244404002022223330003301111122022031120200000100033000010010011011332200040400033333222222222211223333003000101100220333331110000000000010
1122222110220033330000000333332222233322221111222233333222000000000303222222233000000300333222222000020222223033032322002000002222223330300331111122223333222220200110303000001001100013332320444444303333222222221111123330303000010002023333333133220002000010
1122222330033033303000000003332222333332221111122330332222200110013302222333303101000000333222200000022222223300002220220000020222233303030310100022203333222222200000033030001110000030333000444443033033222222211111102033000022000000223333333332202002220111
2222322223233333230000444403330202322232222211222233030222201011100333200000003001011003332220220000022022222220002220200000002222333333000001001002203333022222444003303000011100000303333044444443332322222222223110022000030022222002223333334302002022022221
2223332222333333200330444443333002022222222222222333300220001101101003000000010111011333222222000330000212222222110222000000020222333333330000000100203030322222444400003100101111000000303344444344033222222222233311120030303022022222233333344440202203003222
2223333222333332223333444443000000022222222222222330002220011111111100000000001111110132222222222030000112222221101120000000002022333333330002000000000003333244444400101111000001000000300444444003033222222222233010000303302222222222333303344440420030333222
2233333322333322222333334444400000002222222222223300000000111111111000000000111111111122222222223333011111222221111100000000022222233333322220200000000000333344444400011110000010110000000444444303333222222222303101000033322222222222333300444444000003333222
2233333333333332222300344444400002000222322222233300000001111011100000000000011111101222222222333303111112212221111011000000002222322333322232000001112022023334444421101110000010022020000444440033333322322223300000220003302222222223330004444444400000333322
2233333333333333223300444444440400222223322222233300004444010101100000000000011111112022222333303333011122111011111111100002202223322333222233300000101022222334444202201010000002002200000444444000000333322033030000020200000202222333303444444444000000033333
3323233333333333333300044444444430222233333222222220444444401110000000000010001111101222222333300030332222111111110111102022223223222222222333000000112222222233400222000000000000222220001444444400333333330303033011022002002002232333044444440000000000030300
3222233333333333330300044444444332222233333322222222044444000000030000000111111111112022023333000003322220111000010111100200233332222222233330000000112222222333332222200000000002222202100004444400033333333000000100222022000002033333344444440000000000003303
3333333343333333333002200444444433222333333322222220444444400000300000000101111110000022203333000200220202221033303010004020223333222222333333000000422222222233332200220001000022223221100020444400000033333000001012222220000003303333044444410000000000003033
3033333344433333333222200044444333333333303222222203344440000303030100000011111011000000000330022222222022222003333010044400022333222223333333000044442222222222332000020000111022233322110020040400000330330000111122222222020003003333334444000000000000003333
3303333444443333333222220004455434333330302021122233330000000333033111010001111100000000000030022222222000022233330001444440222232223333333330004444442232233222302000000011101202233321102202000000000033000001011122022022000000000033033440401010000000030330
0003344444444443332222222000555544433300001111122333033000000033301111010011110110000000000300022222222002202233330404444440002222233333333303004444444333333322222000000011111222233330022222220000000000000011111120020022222000000003330034011100000000333033
0033333444444444333222203003333343333330031110022233332022000300331111000010110000000000000000022222220000222233300444044400002222233333333300004444444433333322220000003221112222233303002222020000003030000010122200000010222300022200333330011000000033030303
0033333044444444333222220333333333332333330010000222332220020203003010000111110000055000000000303222222202022203304444440000022222223333333220004444444333330033202000003321122222333333302020200000000330300000222220300000100003202222223300311000000303302333
2233330034444444444323222223333333332233033300000022322202022200030330001011111000505500000033330222222000322202304444000330202222223333332222004444444444430033333000030222222223232333303022000000003303000002222200030001011333022222222333001100000030322223
2223330044444444444433322222333333332222333000000202222222222002003033030101110000005050000003333322222233332220044444400330303222222223322222034444444444444333333333303000222333222233333200000001003333000022222330300010111333332222222230300100000333222223
2222303334444444444433332223003333322222330000000202222232222200000033033021100000000000000003033322323322323220044444000030000012222223332220203444244444443033233330333000221333223333330011100000002230330020202303303301113333322222221333000000004440222222
1122333333444444444303333330033332222222330022000022222333222220000033030322110000000444440403033223333322220010004444404003030111222223330202303222224444443332223330000122221333333333330011202200122222333020203030033000033032222222221000000000000444402222
1122233333344444444403303333003332222221302222112222223332222202303300033322120200004444444440223233333322220011111444444440000011222222222020033322244444443332223333030010211133303333003011022211112222333332222333030011100333322212211110000000004444402222
1122223333334444444443033330300032222111122221111222233332222223333300033333222200000444444422202333333222222111110004444400001111222222222201003332224444443333222333300100111003303333000111222111122222333030000000330031010033332211111110000002000444400222
1112223333333344444404003330033033222221122222211222133333232323330103330032220020004444444422022233333322220001110004444440000111222222222000103300444444433332222200300001000000032330000111322231002223333333300022333300000023332221110000000000202444030222
1111222333333333334444433333003333322221112222222222113000033333323011000222111200030344444022222232233222220000000004444400401011122222220111033300444444333332222000000000100000002230000113332333022223333333330000233032002022233221010220230022220404030322
1001111233333333333444443443033323333222222222222211113000333333220110100221110000000300440202223333222332320220000100144444440011130200201111130000444444333332222000000022200000222211110100333330033323303333303320223222020202233330002020000022220003003332
0011111222333333333344444444332222333322220233322211100303333322222211011110001100003004042222203332222333302222000011110004444103333000011111100000000444333333220200000022222002222211111101003330033333333303303222222222002223303033000223333332200033303333
0002222222333333233344444433332222333322122223332211112203333222211111110111111100333300000222333332222222300220110101111044444430330300100100000000033333333333000000000000222000202111111110100300013330300033300222222200020223330030000323335332220233333322
0002222223333303233314444430003222333331100000333322122023333222111111111110101000333300000000233300222222220001111000100004444444000000040410000000233333333333000000002222222211011111111110103100111333000000302022222000000322033000000333335222220003322222
0002222223333002222111334330033333331311100013333322222270322221111111111000011111323022000000000332000022002011111100100004444444400004444440000200023333322333330000002222233111111111111111103011112223200000000202211111000333200000003333355522222033222222
0022022333300002222211333330000233311111111100333322222772222211111100001000011110222020000000030000020002200010111011001104044444000044444401002222202333222333330000022223333111101011111111110111122220000000000000111111033333300000000333555222222233222222
1102202233330002222212322322302223331111211100333322122222222111001000101002001100200200200000000000000200000100011000001014444444411104444410003022222333223333200000222223333111011001011111110101111222000000000303001110330330300000002032255222222232232223
1100020222303002222222222220202222311111201000003001112222221111010100000022000000002000000000000000002222100000000000010044444440001144444100300222222233333332220000220333333111010010011111111111111120000000030330300010030023000101002202255522222223333222
1110202023333300002222222222222223333332222203000021122222111110100000000002220020000000000000000000002002010010000000000444444400111104400111133322222233333332222020000333333313301000001111111111110010000000003333000000000222000000000022222233222222333322
1101102002330303002222222222222222333332222333000210112221111001000000000020222000001113000300000000000000111100000000000044444410011004001011333332222200333222222200033333233333300000000111111111101000000000233330000000002220220101112022222233322223333222
1111100220333330202222222222222222323322222330000111112221110100000000000032222220011011333300000000110001111000000000000444444001110100001100332323320000303323322023333332223303300000000111101111111020000000022302220000002202220100001212222233322222233332
1111100002030332000022222223322222222222222233000011111222111100040404000032222022011111233333000000111111110000000000000044440111010000000000222223302003344333332222333332200330000100000011111111111202020001112220020033322222201100001112222023322222233332
1111111000033000222022222223332222222211212003001000111111111000044444200333322200211112233300000011011110101100000000000004440111100000000000020223000000444333332222333330000000101100001000000101112220201010122222220033332222211100011111020022222222223030
2111111000000020220200022333302220222211111011000001111111110000444444222033302222221122223303030011011111010000000000000000001011110000000000022333330000444333333322220334000000010010000100000001122222201011122222220233322222221110111110000000222222220030
2211211110000002222000222333332002222111100100101111111111100300444444222243330222111112223333331011111011111100000000000000001111100000000000222222200000444433333333233034444000021110000000222220100222111111111200022233302022011100013133000030222222230000
3322211100100000020000222233330002222211110111011100101111033300444444422443333021111111222222000101111110111100000000000000000010100000000000222222200000444433333333333004444400022210003000200200000022111111111112022200000000001102203330000300222222233000
3222221110100000222222222113300002020310101011001101011122223004444434442444330011111111122222001111111001101100000000000000000002000000003303322222020000444400333333333304444440222213333330022000000111111111110110002000000000001112233333330003333222222200
3222211110010000333222111010330000003330110110111010000222223334444434444444400000101111122220000111110001011111000000000000000020022204440303332222220200000300333333303304444433022333333302022203000001111111111000000000000000000102233333303333333332220000
3222221111110003333322110110000000003003001000110000000022222333443322444444400000111111122200000001110000011010000000000000000022022044440333322222220222000000033333300444444443033333333300222200000011111111201000000000000000000000222333333333333333220002
3222222211001004433222221010000101000000000001100000000002222234433224444444000300011111222220300000110404040001040000000000000002222444440002222222322222000002333333034444400033333333300300222333000221111111222333030300000000000002022333333333333333322222
0202222111011004433323300000000000000000000010002200002020022233333322000440033330101100222333333000104444444044444000000000000022222334440022222223332202220002233333344444400333333333030000003333300022211111200333303220000000000002222233333333333323332222
3000222111111044443333301000000210003000000000000022200000022223333302220000003300330010233333330000004444440004440000000000000022223334400000222222332222022222223334444444033333333330330000030330320222211111203033330222220000022202002222333333333322333333
3332222211000004433333311100002121030030000033330302000002222323332200020000000303000003233333330000004444444044444000000000000022222333330000022223330200200222222323344444443333332333300000444333333222221011220333033332200000303323002222233333233223333333
3333222111323333443321111100000220303004040033303300200022233333322000000011011333323333333300330000004444433000440000000101100220222233330000101202300022033022222223334444444433332230003000044433333322200112000300033333220000033333002222223222222222333332
3333322212033333433322111110002222333340444403333300000022233333020000000111011132233033333030200000034440300034444444001101000200222233303000111120200020000222222223333444443333332333330000444443332222220011100003330333200200033332002322332222222223333333
3333332222223333333222210100002222333034444433333000000302333334444000001011111122233333330300022023300400333333004440003101100000000223330401111000000020033322222220333444433333332333330000444443332222202100000000303302220000033222233333332222222333333330
3333332222220333332222210100020222333333442232233330033223333344444400020111111222224333334444000220030000303322204433033001001000222223304444111100000022033322222202322334433333322222300003344433322202020002203000300032222001300222233333332222222233330303
3333322222200302222222211100002022333333422222223330333322333344444030322211111122024433334444402000000001303322044433303300110000020333334440001000000022233222220000222233333333255222220003344333222333202222233203300000202111100022223333333322222233030330
2233333222222332222222221000202223333333432222222203003333333004440333322111111122244443344444400000000110132222224333330330110000003333304444440000000022222222222020022233303330255222233033334332222333322222222330300000101111000222223333333332222233300000
2223333222202222222222202020022333330033333322222223333333330044443333302211111100404444444444400000001011112222222233333331000000033330334344440000002222222020111102022233303000055522233330333322223333322222222203000000001111000222223333333332222222200000
2233333323002022222222200000222233331233233222222222333333033044443333302011111010044444444444400000002111222222222223332223000100003030000434440000002222220220011022002333000000552222223333333322233333333222222200200000011110440222233333333333222222200000
2333333333330222222211000000222333331222222222222202003333340444440033000011111000040404044444000000022212220222022223332220000010000003000033040000002022222220000000022333200000202222223333333333333333333322222222200000000101044223333333333330002202111000
3333333333333032222111100002212222311122222232222220003333334444444330000101111000000000000404002222222232022220222222222222100101100000003333302200003332022200000000022222200000022222333333333333332333333322222222200000000001444423333343333330000000111002
3333333333333332222110100000111222221222222233222200033333344444300303001100111000000000000101000022222333020002222222222222211111111000000333322220000300220000000000033222202000002222333333333333322223333222222222200001100000044333333344333333000001011122
3333333333333332222110003001111202111122020333223000003303334433300000001111011000000000200110000022223333302000202222222222221111011100000033233202003330000000000020030002200000002223333323333333333223333332222220001100101000044403333443333311100000011122
3334443333333332211110033030010222111101220333333300000022334433330000100101000000010202200110020222233333322020101122222222221111011010000333233220233330000000022020030000020000000033333323333333333223333333202022010110110000044400233343333311101000011111
0334443333332333233100333330001220001110223033333033000222334333330210111111011111102222022110100222222333332201111122222233300101111110003322233222222303300030302220200000000000000300333223333333333333333332220220001111100000044400233343333211101100010111
0344444333322233333010333303000002011100020030333330300222223333320221011111000111010222222211112220222333332222111111122333333414101104040023333322222333300033332022020200000000000000333222333333330333333322202000010111110000040222223333322222110100001111
0444444423223323333303033300000010010010000000333333300222233303032001000100001000110022202011122222002222322222211111122333330440111110400033333022222233330033320200022020000000000002023022322202331333333223300000011111111000202022223333222000001000101111
4004040202233223333000332202220001111100000030033333003222000330302001100102010000004444220212222222022222222222211111233333330444000104430333303002002222300333222020222220001100100020222202222220010223332333300000111111100100220202223333222020000001111111
4300202222233222323303032222020001111101030300333333333320444333000001100000222000044444000102121111222222212222222222233333004444400044444333330000022222033332220200020222111101100000002200222222112222222333300000115111111110022023232322220000001111101011
3330020222223322222033322022222111111100010332222223333200444440000011100020000404444444030021111111022221111122222223333333344444444404444433000000202023333322222220002220011111100022222000222221122222202033300000055111111220222233332222200000000111100111
3303333332222222121333322222122111112110011322222222333003344442221101000022204444444440300001111010022222111122222223333333244444444444444330000000022223033222222220220233032120100002223032222222112200020000300002255521112222222233332222220000000111001001
3303333332222222111332222020011111112200111122222222233300034422202010100030004444444444300002221012002222211122222223333332224444444400000000000000000000333222222222222233322220210002223333222222110002200000000000225222112233222203302222233000000111000001
3333333333222221111030222200000111122200111222222232223303333222220020000003344444444403303302222020020222233222223233333332200044444440000000000000000003033322222222223333332220200020233333222222010000220000002020225222122233222200330222230300211100001010
1333333333332211011002222000000012222221012222233333233333333322222200020030344444444403033302222222000023333222223333333222222444444400000000000000000303003322222222333333332222220003333333332220001100000000000222223222222233332200032222333330211111000111
1123333333322211100002222000000110322221112112223332233333333322322220002202344434444030333330322220202223333333333333333332222024444400000000000000000330033202222223333333332222220000333333322221011010000000000202233322222233333020000222333032221111110001
1222033333322301110001120002000003333222111112233322223333333223322220002222244433040003330000333322002222033333333333333332222222444402000000000200020330303022222223333333332022203333333222222211111111101000000022203222112233333330000021113302221111011110
1222002323330000100101122200000000333322121112222222223333333223332202022222224333000003222223033322002222333033333333333333322222114101202211000222220033032222222233333223303022223333333222221111111111111111000222022222112233330300100121110330211111011111
2222022223333300000110222222000003033333222111222222222233332223322220202222223330000000222203333330202222010333333333333333332221111101222110000022220333300222222333322000302222223333333322221111111111111110000002002220111203333000011111111001001101011114
3230022223330030001001123220003033333333222211122222220333332222223222222222222232000202332333333332222220011303322233333333332233111122222111100202203330101022222233222020002222223333333311111111111111111100000000022220111133330000101111000010110110011140
3330322222333333404000033202030333003333222101111222100333333322223322222222222222202020333333333332222020001222222223333333333333331222222111000022200333011011112222222033032222233333113311111111111122111010000000002220000030033000001111000000110100101044
3333332222333330444400133222033333030333233310101111100333333332222232233222222222222223333333333332220000001122222222333333233333333322222111000000200030011111122202020033332222223321111111111111111122011010000000000220000330000000001010000010100110000044
3333333322333334444441003320233330003033333300111111100000033333222333333322222222222233333333333332220200101222222222233332222333333333211111110002000011111111120220000433333222222222111111111111111222040400000000033330003330300000000000000000011110000044
3333333222333344444444003333333333000033333300111111220300333333222333303322323222222223333333333333220000011112222232233332222223030333211111100000000000111101002220004443333322222222111111111111111222204400000003033333302332000000000000030030110100001044
3030322222233444444444000333333030000033300300111111223033333332233311330033333222222223333333300033220222010102222232233222233323303330211111001000000111111100100022004444333222222222311111111111112222224400101300303333333223020000000222033300010000101044
0330332222004444444444000033333003000330330000111112223333333333333111110000333332222222233333300333223200020010202333223233233322200000111111110110000110001000002220244444333333222223331122111122123322244441100130333333333222200030302222033300320000010004
0000033220200044444444433333330033033300000000110122223033000033333311110030333333222222233330000303333022200002000333222233333222220001111111111110110111020000000402444444433333330233332222255220233333444444111103344443333322000303322223333333200001111110
0000223332002044444444403333333333333330000000101122223333330333333311101030333333220200222220000330333322202000202232222233333322244440010111011101010111002200004444444444433333322033332222255500033323344441113333333443333222200333332223333332200001011100
0002222233022204444444400333333330333000010010111112200333303033333311100333333333300020002222000333333222202000022222222222322330424440100111011011100001222230304444441144333333222000333222255500333323334333113322333333332222220003322222333322000100001101
0002222303022024444444003333333333232220211110000111200000333303333111110303333333300000002222000333333222221011012222221222222333344444000000101011110020022203034444111113333320200000333332205050333222233333332222333333322222200333322222343230200110100111
1111233330222200004444033333223333222222001111101111110003333000011111112233333330330000020022200333333322211101111122221122222233344440000000000000100002222033334441111113333220000000033333000030333222223333332223333333332222233333222222444400000110110111
1112022333220022200000002222223322202000000110001010110303333300011111022233003333300000002222000333333222222110100222221122223333444440100000000001000020000203333330311113333210200020033333330023333322333333332223333333322222223333322222444440000101010011
1122220332220222200000022222220222000000001010000101113003333000000000202033003333003300222233020300333222222211000222221122233334444001001100000000000000002022223330000013322111100002023333032022332233332333333333333333222222211333332224444402020010100000
0222002232002022220020220222022022220000000000000000103333322220300010000200003333333000202333030000233322222210033332222232233334444011010000020000000000000022222330303012222101110022233333322222232333322223333333330330302222221113334444441002000000444440
2200000222020222222202222220002022200000000000000000033333222222330000000000000222333033222333310200233332222220030333322233333344440001111000002200000000002022222333300021201111100002233333332222223332222223333333333100022222201000044444411222220200044400
0200200020200020220021211222020202001110003303000003033332222222203000010110000222333322222333110020223333222224043303322223333334444001011100000244440000022200222303300000100111110022223333332222223232222223333333331000002202020100044444411222202000444440
0000000001000000220011111120202000011110003330020003333322220222202000011111101100030222222231101122222233322333444032222222233334444401040444000444444000000222233330300000101111100011211133332222222222222333333333311100022022200000004441111222220000244400
2000000001101000001011111222222201111100000333000033333222200222220001111001011200000022222231111122222333333333444031112112223333444440044444004444440000022222333333300000010111110111111033333222222222202233333323111111002222220000004441111322222002244403
0200000001110100011111111122222211011111003333022223333320220022222201111111111100000122222221111111200303033304444400111112233334444440444444400444444000022333333333333000001011101111111010003322222222200030333322111111022222220000000404303333222222220000
4400032221001100001111100122322001111110330033322232223222222222222201110111111100001222022222212112220330333334444401111112223333344444444444444444444440003033333333300302001111111110010002030222022232222003333222111110122022200003330303033322233222302000
4340330220011101111101110003332221111100000302222232222222200022222200011111111110001120222222222222220000000003444411111222112233334444444444444444444440000033333333333003221111111111111222233320022233022000302221111110030022220033000333333223333223334400
4433330222001010111001000003033202111110003033223333222200200032222200001113111100011122222212222220020000000000000011112222122232333444444444444444444440003333333232233302211111211120020002220220022333320030022221111111003323220003033003332323333323444400
4433333322220101111102000030333222211110002022333333202303033333222200010130331111011122222212222022000000000000000111122221122222223334444444444444444303300303032222233332221112222220022222222000023333322220022221111111103333322303333333332333333334444400
4433433332200011111120001110333222111100002222332322022330303222200000011130011111111102200111222222000000000000000000112221122000233333344444444444444333330000032223323320021112222230222222222000000033332220203222111001033333222233333333322233333334444400
4444443333000001111202001003330222111000002222322222223333032200000002001100011111111100221100002200000000000000000001003310100000333330044444444444444433330000033333332222012111222304030333220000003303332222233333222002003222222330003332222111133444444002
3444444333020011111200011110002221111000022323322233333333222220202222021100010111110100000100111110000110100000000000033310100003333333044444444444333223033300333333322220200212222333433333322200002323332322233333322220002202222033002322111111111444444222
3344444432222222111222111111101000010222223333032033333330222220022220220000111111111000000001111100001111100100000001033333000003333300044444444443333322233030023332222222200122233333443333322020000203333332020333322020000222223303022221111111111444442020
3344344444222211112222211110000111000202020000020233333333022000002222200000000111111100220330111100101011001000000100000003300333333322222444444444333322233330220333222222230222233333433333332200000002331310220333022223200202234430000222111111414444444022
3333344444422111122222221110000010000002000000000300300030002200020000020000000000101002023333000003030110011000010111000030030333333222222244444443333223333302222232222223330020033033333333030300000022211011000003302223322233344440000221100111444432222022
3333334444444111112222221133300010003000200000000003300330020000000000000000000000011022220030003030330110111101000111000000033333322222222234303444333323333333223332222223333300003303330033033030000222111110000003332333333333334444000021100014443333202022
3333334444441101111122222333300001333002000000000000000300000000000000000003000000000000223330000333300000001111011110110000000333222222222230030040443333333332233333222233333000003030300003033030002220111100000404003333333333334444400211110044443333322222
3333224442444011111222202223220003033330000000000000000000000000000000000000330000444440230330000300330010011111011110101000202332020220002203000004433333332322203332222223333000000003230300033000000222111000004444400033333333444444440111100044444333222222
3332222222240033122222222222220202333333000000000000010100000000000100220000300000444444000000000003010000011100000010010000002220202000220200000004033333322222033311222222333000020000200003333030000002211000140444403333333333444444444000000044444033022221
3322222222332022122222200222222222233333220000030000101100100000000010220220300000444444000000000000001111100044440000000000022222020000222222000000033333332220001111222233332222200022223330333344440002221200014444400303222333444444440000000044444332020202
3320202223333222222333000202222222223333233333300000011011100000000112222223333330444444000000030000011111100044404000000012022200210100100020200003300333322200001101222030322222220022233333000044440000222211144444400000222333344444444000000004040004042224
2222020000333222222232220022222222233333333333330000001111101000000111121223333330444444000002003000011101000044443300111110222222011100010112222033033033332200001110022003333222200002223030000444440000000211114444400020322333344444440000000000000044420244
2222002002002222222222000202020222233333333333000000444410101000000111111123333333044444000220030330003110110044443300011012222220001000111112222003333333322000020000020000333332000000033303300044444440022101114044000000333333444444444000000000000044443444
2220000020022222222222220000220032223333333334400044444440110110000101111122233333344440000022003300200310000040333322111111200220011101111111122233333333333332020000000000333333000000233303033344444444000001333000444403333333444444443000000000000444433344
2020000000002222222222211102202033222333334444400004444400001000000011111111233333000000000200303332033033333003333322111111220201111111111111122223332222333332200200000003303330300000333023333034444444000033333330044403333333334333330300010000004444443344
2200000000022222222222222202000332222223334444440044444440011100000101111111023030030000101123333333333333300003303222311111020021111111111111322222322223333322222000000030033333300003333002233330444444003003333331444433333333334433233001100000000444333343
2204040002022222222022222222222333222223344444400004444000010101000111111111000000000001001111330333333333333300333322333111332021111111111013332233222233233322220000000000330322030033300001233333000400033303333311000220233113334433233301111100004444333333
2444444000222222320200022222222232222233344444333044444000000011011101011111100000000010111111310003332233333333000333333333322222211111111103332333222333222222200000000000023220200000301011223223100010333023231111000022221111377732221111111000000443333333
0044444002020033300000202222222222222233034440333303000404000111111110011000100000000101111111000003322223333333000233333333332222011100000033333333223332222222020000000002002222220000011010112222111100333322211111110022221111777777221011110100000403333333
0434444002020003340000022222222222223333344440333333004444000011101000011110000000003011211111011223322233333333022033333333222222111101010000000333233332322222000010010020220202201000011121222222011000303302111111110002221113377772202011111010000000333333
0344444001000434444003202222222220233333344444003333004444000011111000010002000000003333221110001223332233333332222222333332222202200001100000003033333223332222001111011002202200010100000002022220001000000001111110010020222233377722000110110000000000332333
0304401010004444444003302222232300233330300000003033303444000111101000011020220000033333222111011122222333333333222222233333200020000001110010030003333322233332001101111202202022001000000022202220000030000101111110100020022333337222200000110000000333332233
3330010111014444444003333333333300333333000000000033333444440011100000000102020002000333200011011111233333333333222222233332200020000011110100000000333222233332201111111222222202011000000000022223030333330011111100110000033333322220200001000000033333322223
3330001111022444444003333333332000003333000000002020233344044011010000000022222020033333220001110112223333333332222222333332020100000011110000000020322022233344200111111122222000011100000220023303303333330111110100010000333322233222200000200020230303332223
3333033101202444440000330333322220233020000003000222223330444440000000000002222220303333300000000002222233322222222223333332202011101111000000000002022202333444400011111122200000111111000202223333302322333311111001000033333322223300000000022222333033322233
3333330002220243440000032322322222220220003030020222223333344400000000000033332222200333333000000000200023222222222223333333200111101010100000001102022000033444400010111223020010111101100022233333330222333331210100040033333322233300033003022222330000333330
2233333000222333330000220222222222222202000330222222222233334441000000000003333322200033333000000000000222222222222333333333300111111111000000001011200000004440040000222333030000111111110222233333332222333332021000044003333222223000333333332223330003333333
2323330300222233330002223220222232222220000022222222222233344401101000010003033222220000303010000000000222222222222232333333302211111110000000000111110110044440044420223333300010011111111112233333332223303333230000444443333322323330033333332320300000300330
3322303332222222332002233222002233222230033322221122222233224411100000001320223220000000031010100000002220222222332222222230002220111010040000001011111111000040444440223333300000011111111110030333433330330333333004444444333322332333333333003333034444000033
3322332032222222222222233330002333332333003222111122222222200010110000001022233323000000000011000000202202022222322222222223033222101104444000001111111110014444444444233333000000001111111111010334444333033003333044444444433323222223333030033333044444000000
3222222232222222222222223303033333333333332221111122222202200011110000111222223330330000000110040402222220002202322222222223003220000044444444000011111111114444444443333333300000001011111111110044444333002003300004444444433333222222333434003333444444400000
3222020333220222222202033333003333333333333222111222220200200000110001011122223233300000000100044420230000000223322222221000331110000004444444001101111111014444444343303000300000022111111101110444444333000233330044444444443322222233344044443434444444440000
3320000330000022222222233333003330333333333322221222222020000110111111111112222222033000000010044403000000000233302221111100311110000044444444400111111100444444443333303000020200002211111010011044443333332223333004433444443322222233444444444444444444440000
2202000033000322222000222333033223000303332222221232333200000001100011111111222222300000000000044443333000000003300211111101111111000004444444000011111100444444333333330000002003302211110000001110433333222222330000333344432222222333444444444444444444444010
2202000200000033333200022333302222200303032222222333030300000111101011111111111223333000000000444444000000000000000011111010011111000004444444403101111200444444333333330002222333332211111200000111003332222222222203333333322220233334444444444444444444440001
3000000022000333230300002033322222000030333332222233300044110111010111111111112222333333000000044444300022000000011111111111202111110000444444001011111120444433333223300020223223332211222000011000003332222222022201032333333202223333444444444444444444444000
3223200222000322223000000223322222000000003332222233044444000110011111111111112222223333300000444444333222200000011111111010020111100000004040033333111202034333332222300000333323332222222200000000330222233322222001012233333322222233444444444444444444440400
3330000222111002200000002020222221110000003333223030344444400002001111111111112222333333300000044433330220000000000111110000022221333300000003033333111222234333322222220033333222333222222202000303333322233222221101122233333302222333333444444444444444444400
3330222222110122000003000022222111110000000033333000204444400022201111111111122222333333330004444433322222200000000111100220222223333300000003333332222222233222222220220000333222223333222222203303333223333222221011122222330002222233333444444444444400044400
3333222222111222222030020022222111110300000033330300224444440022000110111111112233333303333004444443333222220000001110110022223323333000004444033333232232223322120220200303222222000333322222222333333333333222222111122222333333222233333444440444400000444433
3333332222221122222200002201112111103300000033333032222244440202300011111111111133303033333004444444333302202200001111144022233333333444000444403333333333233222122020000111222220300333322222222233333333333222112212222223333333333222333344444444330300040403
3333333222221222222230222211122221133330000003330022222234403223030000111110110333305055333303444444333020200220000011444422233333343444404444433003333333223222012200011122220202003333033232222333333333232211112222222222222333333222333334444443333300000033
3333333322211122222332222211122222223330000022200000222333202033330301111110100033030555533033344444300332220000000004444443333334444444004444400040333333322221100203111122222202003000333332222333333333222111111222220222222333333222222234444433333000000000
3333333322222222233232222111111222233030003022202000222232222233330333111011003300000025533333444443033003333000000004444440233333444444404444444404433033112222100000110111201200000000033303333333333333122111112020200022222333332222332333444433333030000000
3333333222222223333222222211111122233223000330000003022222222223333300300001000000020003333334444333330333333300000100044400223333334444444444444444400303111121100030301111110000000020223000333333233331112111103222020020003333322222333333344333302000000100
2333332222222223333222223311211323232200003333300003322222222221333333001000000000002223333334334333333333333300001110000002033303044444444444444444444301111222101333001111010000000002223000333332223000112111103020000000033333332223334434343332200210100010
2333332222222333303322223332223333332200033333300303333222222211133333330000000000020223344443333332223333333330010110010000223330340444444444044444444010011122233333330310110000000222222003333332222201001100033330000000000033032333344444443022220211110011
0223332222223333330222203333333333333200003333333033332222222212222333033300222000022230444444433333223333333330200011001002223333334444444442334444444011001222233333333101110000000002220000033333222200011000303333000000000300302232333444333332222001101101
2222333322233333000202003333333003033300010033330303332112222222222333330030022222000000444444433333222333333222010000011110222333330333444223303444440101122223333330333021112004444402020300030300222000111001000330011100000003022220223444333302022210102111
2222333222233333000020200333333300333000001103333333221111122212222222233300222000200000444444443340002223333222200020111110002223333033442222333344444011222233333003033022201044444444003333003000000000000101100300111000000000200022223303400030202000001213
2222333222333030000000000033333300003300011111333333211111111112222222233303222222200000004444444444202221111122222200011010022223333333332222333334440002222233333000003220220304444440003333333300020000000000110000011010000000010002233333003002000003020223
2213334423333030000000100303333000033003311331332232222111111122222222223332222222203000004444444400122221111112222240100111220223333333323233233300003112223233333000003322002034444444000223300102220000001001111010011100000000011000300330000000000000322223
2111334443303310101000011103330000003033003331122222332111111222222222223333222233330030000444444441122222111111224440000010000000333332223333233330303322223322220000033330000030444242020223331100200200011011101111110110000000010100000030000000000020322333
2100304444403011011010101110300000003330333333122223333222111122222022020333322333330300034334444410112221111111344444000000000000333332223333223320233322333322220200000330003033000200022222211112200222011111001110111000000000101010000000000000000022333330
1100004444440001110001011011000404020233333333332233333322211111222230022233333333333333000333444001111121111113334444000200300000333333222233222222333222333322202200003300000333000020022222221112222222211111011111100000000000110111000000000000000022233333
2200303444440110111101111011000444003333233333322223232220201012220030020233333233333332222333300110111111014144344443030220233333333332223332222222323222330222120000300333000033300022222232221112323222210110011111100000000011111100000000000000000202223000
2223030444440111111011110100044443303333223333222222222220001012200333332222332223333322222222330111111111100444444433030222223333333333223332222222222222220222100000033333000030000200222333211122333322110013010011100000000111111110000000001111000222222020
2223333044000000111011011010444444433333003300212222222020000120333333333222322222333522222222101011111111114444444333302222233333333333203333222222222212200201110000303233232230200000233333322222333321000330300000000000000111221220000100001110000220022200
2233333024020200001111000000444444443333220001111122222002000033333333333322222222225555222221111111111111100444444333322222223333333330000003332222210111100011111100222222322222200003333333332222333333000033303300000000001011002222000111111001000000222220
2233333302000000030111040430044444443332220000111122222200000033333333333222222222255552222222211111111111110004443333322222233333333334400033332202100111000001110000232332332233030303333333322233333330330330433300000000100000022220001011111100000332022200
2223333222222203300110444403334444443022220001111111120000000000330333333322222022225222222222220011111110010004403333332222223444333344400333333320001001110111100330333333233333333333322333332233333333330044444300000000011100333222011111111001000033022200
2223333222220233330110444403334444440322011101011111110000000023232033333222000222222222222222201111111110000000003303332232334444334444440030003302000011110111000333333332223333333333322233332223333333004444444440000001111010033222022111111110030333302000
2233333322222333300000444433344444443300201111111111111000033220220000222200022222222222222220200111111111000000033303030303334444444444444000003333000001110111003333333222233333333333222223333222222233004444444400000000111100303322222111111110003333330004
2232222222222233333330144433234444433302200110111111100033030222020442402000000012220202222232200101211111100000000000003033444444444444444000300330100010112110033333333322233343333322222223333322333333044444444440101101111010033222222111110100333330303004
2222220222222223333331044442233344433332220000112111111013332222200444202200000001022020222230000000221110000000030000003033444444444444440000003300100100022220033033333333223343333322222333330333333333044444444300011111110200000220211110011000033333030044
2222222222222222322333114422222344332222222001222111111001322200000444400000000100022222223333000020021100000333303030033334444404444444444030000000110101102202233030333333333444003222222233303033330000044434433000001122122200000022221110000030033333304444
2222202322222222222233111122222233332222222022222111101011120200000444400000000111000222233333330222222000000333333300033334444444444440403030330300101011222222333000333333333444400222222233313000330000044433333301011222222000020022211110110003033330330444
2222000033222222222233110022332333322222220220222210011111112000000444410100002001103222223333330022022000040003330000300344444444444443330003000000111111122233000300002333333344002022222233001000302000444400333001101122520222220220221111001000333333004444
3222200033332222222332200011333334422222222022222200011111110000000404001012202113333002244444444443330200444433333300003344444444440403330330300011111111122033330000002333333304050002222222221133220000044440333000011222522222020023300110011111303333333244
3322330333332222222222000333333344444233333200223330001001101003330000001110202212330330344444444443033004444433000022023444444444400303330003000000331000220003033002222233333000555500222222211132200000444442322300111225555222220222300000110110033333332204
3330033333333332222222000033344444444333333322233330020011100003330010101112222222223330444444444443003004444440000022002444444444400333300000000000333300000003330002222223333302505550022221111112220000000000022233332555555522222222333001111111303033332004
2310033333333333222222203033333344444443333322233333302221000030330001010122222222223303044434444444100004444404444020222444444444402233330000000003330300011013333000232322223202205505000222111110000000103032223333332225222222227222233330001001030330020220
2111113333333332222220303332233333444443333333333333022220000003000111112223332222223300003333444444110004444444440000222244444444001222302101100003330000011101223303333332220020255000000221111111020000011302223333322222222222277222233330000001003000222202
2211112233333333223323333032223333444444433333333333332220000000001001112223332222232020223333444444110100040444444002222244444401110112222211110000300000111112233333333332222222225000000021111111000001101113233000032332222232277722233330000000000000002022
2222112222333333333333303222222334444444433333344433333222200000030111112223322220000202222333444441111100004444440002022224444000100111222211010022222000011220223333333332222222220500000211111110000001111111333030003332222333777777223330000000000000000020
3222222223333333333333333222223333344444443444344333332222000030333011122333333302000222222233444441111110000444440004423244444001111000202311102002222000111122000333033333323222222200100000111100000001100113333300330332222233707733333320000001100000000002
3222222233333333333333333322223333344443344444444433332222222003330102033333333330222002222230344440110000000404000044443340440000001100233331103222222021001102203030003333333333222221101000011100200300000003333333333332222333007333333322000000100100110122
3222222233333323222333333332223333334444334444443333202022000223333000033332233333222200022220000000000000100000004444333333000000001010003333102222222220200110000300000333333332222221010000012002203300000002233333333333323220007033333220000000101000111102
3322222233333322222333333332222333344443344444433333222000202023333000033222233332222222020220000000000000011100000443333333030000000100000333332222222222000000000000000303333333222111110000000220233333330022233333333333333322220003333222000010101100111110
2222222232333322222333330322222333334443334443333333220000020223333000303332333303322222000002200000000000000010004444333333300000000001033333321222222222200000000000020022222333221110111000002020223333303202222333333333332202202003030222000000110111111100
2222222222233222233333000022233333334443334433333332220220222233333303333333333303332220000000000000010000010000000443333333330020211101103333211122222222000020000000222222222232211110000000000220112233000020222333333333330222000001010000000011100111110110
2212122222222222223333300022223333344444344333333332022202222233330333333333333330333332022200000000011101010000000434222333332222110101113332211112332222222020000000202222222222221111000000000001112220300022222333333333022222000111110000000000000100010100
2211111122222222233333330202223334444444444433333333220022222233333333333333333000333333222200000000101010110110110040222233332221111110112222221111333322222220200002202222222222221110000000000011122200020022222333333333220022000011100100000001001110101000
2211111222022222113333030222000323444444443323333332220002222233333333333333133003330302320011000000111110101101000010222223332222111111112222211133333112222222030000222222322222221100330000000011122222230022222223333320222220000000111000000110100100100000
2211110000222222111330301110202222333444443323333332222200222330003223333333110300002220000011010010111111111101001111222223333322211111122222221333011112222223300200222223322222221133330300000001112222233320222222222222222202000011110000011110100001110000
2330000020022000111333101100000222333333333223333333302022222333000223333333111000022200000011110101011011101011011111222233333322221111122222221333311111122223332022022223332222221233333000001011122222223300222202222222222320000001111100011111000000110000
3333300200000012111301111111002222223333332222333333000222223333002022333333101000000200000011100001111010111111010011112333333222222211112222233330000111122233322223333333333322222222333333101011012222233333020022202222223003000001111111111111100011111101
3333300000000000001001111133003333233333233222333322011002333330001203333333010100002110000111101001011001101101011101222213333222322211112222233333001121222233332223333333303322221233333333311100022222000033222202220222220300000111111111111111100001011110
2330000300000000001001111130003333333333233322222222000222333300110123333333000000110100000110000010100111101010001000222213333223332221122223333300001122200222322222333303030022211333003333011130022220000002222112202002220030000011111101111111000000010100
2223303000000000101111111330033333333332223232322211111121133010111122333333000000011101000011000001100111110001111100211110330333332332122222230333301222022222322222333330000000211133333030031330002020000002222111200002110200000011111100011101100000000000
2222333300000000011101012233333333333322222233322211111111100111111122333333300000110100000000000000011010040401111101111000010033333333222222020333322222222220222222333330000000111111100330013333200200000222221111110000101000001011110000001110000000000000
2222300030000000011110122200033333333322022233323111111110100010111122233300000000111111000000000000001001044441110101111000003300333333233222200133322220000220222222232333001111111111200000333333300000002022221121110001110000022221211010111100000000000000
2222320200000000000110002000033333333000222222233111111011333300111122220030000030301000000000000000000100144441000001001011010000333333333322300111330220200020022222222230000011111112200030303333333000000022222222100111010002202222211011111100000000000010
2222202000000111010000020200003333030300202222223111111033003000000112223000000003300000000000000000001011444444100000111011110100000033333333111122222222000000220022222000000111111112220303333333330000000033222222110111110202002222211110110000001010011110
2222222000000111001000000000030333030000000222233311110303333331001101220200300033030000000000000000000101444444000010110011111000000333333331111122220200000300022000222220000011111122203303333333333300000333332222111001022222202222221110000000000111111010
2222202001001001010020000000303320000000002222111111113003333311011010022200030303000000000000000000000000044444010111001011000000000033333333111222222200000300000022022022200010001122233323333333333300003333332221110000000022222222211111001000000111111001
3222201000000011100222000000030222331010020022111111133303332211110100022223303333000000000000040400000000444444001001000301000000000233333333221122200000003300000002022222220000011222333222333332220000011003033221011000000202222222211111011000000011110111
0322000101000010122222200000332222311100000111111111133033322211110120022222333000001010100044444400000110044440111110033030000000222033033002221220222200333333000000022222220200012020333222333332200001111110333330111000000002222220011111111010000111101001
3300001111110000022222220033322222201100000011111111223333222001111000222222303030000111110004444400110000040400111010003300000000022223300022202220202022303333300000000222222300000033332223333332222001011110333330000302020111222222011111110103000000010010
3003000001100000222222200003030222210111100010011122223330320211011020200203333030000011100044444400010110001011111100003300000000122223770022022020001212233333000000000002223030000003332223333312020000111144033300000300020011022200000111111003300000010000
3333300011110010003033000030332000000000101001111022203030000010101020002003302000000100100104444000011000000111111102000300010001022237770101020000111112222233303300000022023330002033333333322111210001101044443033033302020010000200011111111033030000001100
3233330011100111300303330020222200000011110110000222033000000000020222200032220220000000010100000001000000000011111120020000001001111137707701100000111111122333330333000000233333302223333333322111111100111044440000003332200000000000111111001003330001111111
2223333310111110030333030002222221000000111000000020330303000000022222000022202200000000011110000101100000000001111022220000001101111117770711000010011111112333330300000000333333330222333333022200111000010044444000233332220000000000011110003333000000111110
2222333000011111033330330022222111100011110200000003330330000000032232020000020020000000010111000001002000000001111002020000011111111111771111000101011111123333033330000033333333322222333330002020101100000034440000023222200000000000001111220303330000111111
2223330330220213333330044442020111010111222222000000333330000003003330202000000203011100010010101011220000000001110000200000111111111117711110100111111112233333333000303033233333322222333300000011100000333304000012022222200000000101001012200033333001111110
2233333300022233333333044444000011100022222222200003333333030003303333320000000000301000000011110111022000003000000000000000011111111111711110001011111122233333033303333333223333332223330000000000100000030300001111222220020000000010002222203033300000111111
2333333333200233333303044444000111111120222222222553333333300333033333332220000033031100000000111111200001003320000000000001111111111111110000000001102222203333000000003333222233322333333300000000000000300000000111112220020000010111000222333330330000011111
2233333300302233300030044444011001100202222032220055033323303033333333332000003133111100000001011112221010230210000000000000111111111110001000000000010202230300002200030332222232222233333030000010000000003300001111112202200111011100020200330004040000001212
2333333303302233223111014140001100010020222232220555533223333333333333322220001111111110030301111111211111020111100000000101111111111111000002202021110022033301000222333322222222222222222020200110000101033030011111112222220010011010002003000044444000022222
2773333333300032202001140110011000000000232332220255555222233333333333322220010111001003000301011111111111222221110000000011111111111110000003020201100022303000000222333332222222202200220220211010000010030011101111111222222111010100000000000044440000202232
7773333333333322222111100000000000000000003332222222055522223333333332222220011111010033333300011111111112222221100000000011111111111111000032202222000000000000111122233333222222220200022222221100000110000110101111111112202010010000000000000044444002222233
7773333343003022002101000011100300000003303303222222055222233333333333222020111111010103333300110111111111222221111000000101111111011011000002022220000011000000222222233333222222200000222222211101100110011111111111111112322011100000200000000044440022222233
7777333443333030020200000001110033000003333330022202000222233333333333332200011111100103333300001111111111112111100100000012221111100000000022222002001110000002222222223333202222220000222222331101110100001111111111122223300010100002220000000044444002222222
4773333444333330000000220021000333303303330000000200005332333232333333332020101111111122232030000111111111122211101000002112221111100000000000022101100010000022022222223332220200000000022233331001111100011111110001222223333100030332020000030034440303322222
4033344444433330000002222202033333202333300000020000003333332222202230320000011111111122222230000111111111122222001110011222221111010000000000021010001011030202222222223222220000000002222333334111111001011111001100222222330303003333200000003334040033302022
4333234444433323000002222002003320220223330000002200003303322222220033030000111101111122222333300011111121222222110110100222231111010030000000012221030110333032223222230322322000000022220303044401010110111100000002222223333300300332021001002330030333300222
4302223444322202000002023200003022222223322070002000000000012222220330000000001011011122223333300011111122233222111111122223333301033300000000002223030113333333223322303033302220000302220404444440000110110010000000222223333333322222221111022303333330300020
3032222333332200222000233300000022222222322277020020000001110222020000030000000001111222223333330201112222233332111111122223333000030030000000222223333222233333333323300333332222203000002444444444001111110000000302222222333333332221111110222223303330300002
0020222333332002002002233333020022222222222077702220000001111020000000003000000000000222222333332221112223333332222211122223330301330000000000022333333322233333333333003333333220223300000444444444001111111000003033222222223333332111111011222223333330000000
1112222333333002002222233000302222223222222227733200000001112003000000000300000000000200222223323222122222333333222212123233330440333300000000002333333222333333333333002333333222233000000444444444010110100000003333322222222323322211111100121233233010000000
1001233333333300000020230303032222233222222222223000000010112300000000000000000000000000222222233321122222223332222222233333333444033300000000003332222222333333333333022233322222223000001044444444011110000000333333333220220220222211110001111332222111000444
1111213333333300000000003303022222333022002222233030001011022203300000000000000000000000022222333322122222333332222222223333333444000300000000033333222222233333333332222233322222200000011044444400011101000003333332333332002222022111111011111112220110004444
1111111330333333000000000033332222333030000222220330011111122222303000000000000000000000032222333222222222333322222222223333333444430000000003333333222222233333333222222333322222020001101104444400111010000033333322233330200220000111110111011111222210004444
1111111330033300000000000333333223333004040022333030001111122223033300020200000000000000003223332222222222323222222222223333333344400000200000332331222202033333333552222233333220220001111110000001011000000333333322224330000020000001011000111132222222004444
1111111333333100000000000003303323330044443222333000010111112223330101022200000000000000033323332222222212222222221111222233303444400022200030322111112220303333335552202333333322222020110100000000100000033333333302204040000220300012233300311132222222222334
1111111130033010110000000000033333333344440333332000010011111222333110122200000000000001033333332222222111122222211111122223330044400302203033322211111220003303055555220203333322222220111010000000000000300333303030044444433323303002223333333333322222222333
1111111000300111100000000000003033330344443333332000000111111222211111112200000000000000103333322222222111122222111111122223330404000332233332222222111100000000055055550003333333332222000110110000000003333334444000444444030333030020223333333333332222222333
2211110333300011000000000000000003300044430333330200011111101111111111222222000001100000110333332222223111111221111111112222320000222332223300202222111101101000505505505003333323333220000010100000000010303334444000044420003303330202222333333333322222222233
2222222233030021000000000000101000000000003333330000000000011111111111223322200001000000110333322222220301111111111111111122202020022332233300002222111111111000020055000330330223330322000111100000000010233334444000044420200030300222222333033333322222222222
2222222333333332222000000000011103030300033333032000000000100011111112233322222001110000303333332232033001111111111111111222222202222222333000002220112111111111102255330333333222333330100010100000001111023333340000043222202200020222020230003333222232222222
2222223333333332220000000001111100333000000333330000000000000111111122223222222101101010033330333333333011010111111111111122222220222223030000010102222111111111022223333300022222223303011110010000011110202233330000003322022022222222200003033333222332222020
2222333333332332220000000000100003300000003330300000000000000331122223333322022111111100033333003333300000010111111111111022222222222220000000001010111111111111000220030300020222333333001110100000101111222233330000002222222202333222202030330332223333222200
2222333333322222220000000000000000000000033000000000000000033333222333330020011011111011000333033033330000001011111011001022222222220002030000011101111111110000002222000030000023333330010101000000010011222222302000022222222203033222222233333322233333332020
0222333332322222302000000000000000000000000032202001000003330332223333333002010111111110003030000303333300000100010011100020222233220000000000011111111111110000011120101000022202333333333011000000000000222222200200022223222023333332222333333322222333222020
2222333222222333300000000000000000000000000222200011110403333222233333333300010111111110000000000000300000000000101010040420222233330000000000011111111111110022001111111000000222221113033300000000000002222222222002222333322223333333222233333332222232222020
2203203332222232200000000000000000000000000220020101110440333032233333303000001051111110000000000030300000000011000000444402222333001000000000102111111111110202021211110033300222111133333030000220000000022202220002002333332200223332222333333333222033322002
1110033333222222220000000000000000000000000200010011111444400002233333000000011155111101000000000003333101000001000000044420223333010100000000002111111111112222222222100033300221111132233330222000000000220200000000002233333300022222222233333332233200322220
1110003333222222022011110000000010000000000000100111000444000033203300000101111500100010000000000030330110110001101100444443233330010000000000200221111111222222222222130303030021133332223333322220002020003022000000332333030000220222222333555333333300333222
1112033332222222200011111000000001111100000010111011004444400003000030020111155500010000000000000002201101010011110000004433333003111000000000222221111112222222222222303030033000333322223333202022022200303000000030333333300000002222233333555555030030333333
2120030303022222220111110000000010011100000001111100004444000000000002221100115500000000000001000010111111110011022033033333303031111100000002222222111110222222333323331333303303033332223333222222222200030330000003333333330330222222333334554540300033333332
2220000033022222221011011000000000010110000111011101004444400003030222222011100055000000000011000001111111110022220333333333330310111000000000222221110110022233333333331133330000033332222232211222220000403040000400333333223333222222333344444440000333333332
2223030330002200111111001000000000100100000110111110100444000000000222222200100500000030000100100000111110000002022333333333231111111000000001223222222000332333333333111113322032022333222232211122220004344404444443333332233332222223333344444440003333333333
